#BPNN PARAM GENERATED AUTOMATICALLY IN 1495731293 SECONDS SINCE JABUARY 1, 1970
#!!DO NOT MODIFY!!
D=3
Q=71
L=1
0.513204
3.790261
0.938774
0.478445
-0.158325
0.752463
0.730353
0.508580
0.852226
0.496514
0.615380
0.710437
0.605653
0.810823
1.020734
0.878618
0.638745
0.497802
0.560217
0.415794
0.656671
0.690540
0.204278
2.176412
0.676453
0.096063
0.688365
0.419797
1.001516
0.411718
0.334992
0.299802
0.039883
0.725273
0.650756
0.535939
0.768805
0.371388
-0.652507
0.606688
0.372053
0.522011
0.349856
0.820890
-0.536906
0.747107
0.534251
1.071666
-0.189744
-0.028940
0.098112
0.371537
0.501490
0.330910
0.323314
0.952906
0.620795
0.179947
0.423596
0.408116
0.597722
0.245343
0.399884
1.073679
-0.057730
0.167351
0.131635
0.828067
0.559267
0.362674
0.870168
0.728888
3.763436
1.025051
0.645702
-0.611889
0.655048
0.311262
0.190527
0.556620
0.336076
0.496387
0.770862
0.112059
0.875077
1.108865
0.256657
0.258023
0.096885
0.626025
0.770037
0.639822
0.699856
0.491888
2.191058
0.833041
1.046717
1.089380
0.673731
0.864547
0.484760
0.614767
0.520899
0.093894
0.342456
0.543340
0.484318
0.557302
0.518478
0.114556
0.498237
0.338839
0.533062
0.174082
0.350969
-0.190222
0.628353
0.058086
0.658704
0.061723
0.571924
0.446291
0.547574
0.156284
0.096427
0.322217
0.159604
0.147568
-0.427461
0.231748
0.575230
0.339437
0.410481
0.023219
0.955996
0.673440
0.291464
-0.322022
-0.047260
-0.154072
0.372133
0.906837
0.457393
3.771490
0.928192
0.460433
-0.078454
0.465325
0.384381
0.600130
0.479364
0.242211
0.537657
0.809550
0.477551
0.877637
1.146629
0.803323
0.503950
0.658317
0.712346
0.629605
0.039789
0.639057
0.573811
2.179635
0.720825
0.034342
1.094305
0.390668
0.756115
0.459204
0.748224
0.430488
0.104438
0.511907
0.665710
0.514299
0.708699
0.215866
-0.137072
0.663838
0.582631
0.533091
0.605500
0.262893
-0.090601
0.476366
0.661050
1.031182
-0.709898
0.543052
0.456764
0.359213
0.686539
0.232090
0.306713
0.036022
0.559435
-0.619814
0.486995
0.625983
0.263383
0.295214
0.069980
0.943269
0.729267
0.810956
-0.149536
0.807372
0.065831
0.342625
0.985694
1.013769
3.500788
-0.773540
0.965865
-1.168389
1.183868
0.682721
-0.387578
1.206964
-0.368277
0.991515
-0.656759
0.144250
-0.956334
-1.080131
-0.274470
0.701165
-0.163519
1.133674
1.091344
0.203448
-0.835258
0.653502
-2.630653
1.586141
0.592804
-0.860698
0.926281
-0.701164
0.653713
1.054713
0.619109
-0.219723
0.191540
1.116784
0.953786
1.448171
0.093890
-0.922251
1.051832
0.519457
1.005729
0.389083
0.803439
-1.187658
1.268139
0.596993
-0.367366
-1.074277
0.047050
-0.233926
0.540485
0.367663
-0.124150
0.340940
0.363371
-0.010951
-1.186410
0.382113
0.664045
0.478724
0.098976
-0.319505
-0.716824
0.247748
0.676169
-0.477139
0.057453
-0.093326
0.236916
-0.912228
1.625995
-0.016043
0.205099
1.469131
0.044980
1.847712
1.222498
-0.040606
1.880102
-0.035087
1.555624
0.125223
0.851397
-0.115955
0.434362
0.348040
1.160302
0.351787
1.869638
1.805657
0.557764
-0.275717
0.963759
4.393425
2.243438
0.573048
0.233013
1.319332
0.208612
1.179955
1.663518
0.982977
0.189884
0.973270
1.817493
1.394661
2.024600
0.613438
0.492621
1.701798
1.154669
1.467553
0.781626
1.269736
0.150418
1.817687
0.705369
0.189918
0.022456
0.325729
0.035814
1.060848
0.848423
0.317644
0.823806
0.635830
0.487525
0.352791
1.081340
1.487859
0.788291
0.671109
0.122792
0.397062
0.798090
0.896050
0.757766
0.434076
0.854570
0.710266
0.019896
3.561032
